    0.00000000   5114.57320313   1687.97951423   6802.55271736     27.49770539      0.22399824
    0.05000000   5906.79936330    895.77237633   6802.57173963     31.75698582     21.93915027
    0.10000000   6427.23177874    375.33924845   6802.57102719     34.55500956     21.93038987
    0.15000000   6155.25056062    647.30129293   6802.55185355     33.09274495     21.96768832
    0.20000000   5609.05730472   1193.51849927   6802.57580399     30.15622207     21.91861227
    0.25000000   5974.74512383    827.83047919   6802.57560302     32.12228561     21.98256862
    0.30000000   5823.30007168    979.26710835   6802.56718003     31.30806490     22.01312079
    0.35000000   5950.44278604    852.12899333   6802.57177938     31.99162788     22.03570653
    0.40000000   5749.74655547   1052.81387347   6802.56042895     30.91261589     22.17415441
    0.45000000   5695.34552794   1107.23192277   6802.57745070     30.62013725     21.97624666
    0.50000000   5902.30340408    900.27153956   6802.57494364     31.73281400     22.04389596
    0.55000000   6089.51268203    713.05717873   6802.56986076     32.73931549     21.95324018
    0.60000000   6054.13818759    748.42859090   6802.56677849     32.54913004     22.07520584
    0.65000000   5624.96320752   1177.60541352   6802.56862104     30.24173767     22.10360044
    0.70000000   6218.64646534    583.92406937   6802.57053471     33.43358315     22.02925901
    0.75000000   5938.92266800    863.65487105   6802.57753904     31.92969176     22.08891775
    0.80000000   6070.33132178    732.24168953   6802.57301131     32.63618990     21.99322665
    0.85000000   6015.81928337    786.73340469   6802.55268806     32.34311443     22.09807315
    0.90000000   5846.03581513    956.53096413   6802.56677926     31.43030008     22.13592015
    0.95000000   5560.45778304   1242.11236282   6802.57014586     29.89493432     22.19178166
    1.00000000   5754.67046415   1047.89993931   6802.57040346     30.93908852     22.07757994
    1.05000000   5722.98932569   1079.58421984   6802.57354554     30.76875982     22.11807922
    1.10000000   6006.46644515    796.10481409   6802.57125923     32.29283035     21.94037879
    1.15000000   6013.94183607    788.63512944   6802.57696551     32.33302062     21.93605227
    1.20000000   5838.60726693    963.96999811   6802.57726504     31.39036165     21.97333579
    1.25000000   5966.58125602    835.98694260   6802.56819862     32.07839385     21.94545364
    1.30000000   5540.59578199   1261.97108006   6802.56686205     29.78814937     22.18962836
    1.35000000   5732.47651813   1070.09256553   6802.56908366     30.81976623     21.93285446
    1.40000000   6182.75461361    619.81278570   6802.56739932     33.24061620     22.09115221
    1.45000000   5642.12426145   1160.44158637   6802.56584782     30.33400141     22.04776171
    1.50000000   5919.26300126    883.30397793   6802.56697919     31.82399463     21.96839357
    1.55000000   5771.22289377   1031.34793717   6802.57083094     31.02808007     22.03235152
    1.60000000   5899.54935739    903.01393526   6802.56329265     31.71800730     21.98015874
    1.65000000   5605.60750052   1196.96056779   6802.56806831     30.13767473     22.01086497
    1.70000000   5691.62316275   1110.94569831   6802.56886106     30.60012453     22.11807882
    1.75000000   5631.85643166   1170.71180449   6802.56823615     30.27879802     22.14444158
    1.80000000   5628.62612744   1173.94664815   6802.57277559     30.26143079     22.16001176
    1.85000000   5827.55807207    975.01520184   6802.57327391     31.33095738     22.00903870
    1.90000000   6092.06273741    710.50755942   6802.57029683     32.75302547     22.02934678
    1.95000000   5784.46213861   1018.11228992   6802.57442853     31.09925881     21.96968091
    2.00000000   5765.78808405   1036.76982416   6802.55790821     30.99886067     22.06627111
    2.05000000   6137.72960601    664.84183093   6802.57143694     32.99854627     21.97786034
    2.10000000   5939.16412378    863.40213994   6802.56626372     31.93098991     22.01960510
    2.15000000   5891.34108197    911.22834066   6802.56942264     31.67387678     22.04081457
    2.20000000   5448.86340702   1353.71440724   6802.57781426     29.29496455     21.82319011
    2.25000000   5934.85981959    867.70893567   6802.56875526     31.90784849     22.01185174
    2.30000000   6031.76542640    770.80381038   6802.56923678     32.42884638     21.99025377
    2.35000000   5520.39443867   1282.18438196   6802.57882063     29.67953999     22.07933011
    2.40000000   6109.31864019    693.25262021   6802.57126040     32.84579914     22.04946593
    2.45000000   6017.32498025    785.24529294   6802.57027318     32.35120957     21.90830064
    2.50000000   5951.83752181    850.72654598   6802.56406779     31.99912646     22.01905926
    2.55000000   5622.82589593   1179.74486378   6802.57075971     30.23024675     21.91049534
    2.60000000   5671.02085144   1131.54765710   6802.56850854     30.48935942     22.05089155
    2.65000000   5745.81164112   1056.75244366   6802.56408478     30.89146044     22.05438734
    2.70000000   5728.82700586   1073.74255576   6802.56956162     30.80014519     22.17069671
    2.75000000   5677.34467247   1125.22181799   6802.56649046     30.52335845     21.97573819
    2.80000000   6117.30415796    685.26801551   6802.57217347     32.88873203     22.03164593
    2.85000000   5817.65317218    984.91034672   6802.56351890     31.27770523     21.99505911
    2.90000000   5952.99540970    849.58016698   6802.57557668     32.00535167     21.99313484
    2.95000000   5689.34644664   1113.22313217   6802.56957880     30.58788412     21.89302591
    3.00000000   5819.79358102    982.78556684   6802.57914785     31.28921280     21.83279252
    3.05000000   5791.12723896   1011.44708118   6802.57432014     31.13509268     21.96274485
    3.10000000   6084.35645812    718.21678470   6802.57324282     32.71159386     22.11827306
    3.15000000   5428.09338270   1374.47938560   6802.57276829     29.18329776     21.91743925
    3.20000000   5771.05593953   1031.51930407   6802.57524360     31.02718247     22.18400394
    3.25000000   5926.92758122    875.63775714   6802.56533836     31.86520205     21.96850743
    3.30000000   5863.32246600    939.25401760   6802.57648360     31.52323906     22.02522101
    3.35000000   5559.71187587   1242.85966725   6802.57154312     29.89092406     21.96624422
    3.40000000   6069.23152637    733.34155716   6802.57308353     32.63027702     22.01919254
    3.45000000   5855.28646265    947.28425716   6802.57071981     31.48003475     22.06727286
    3.50000000   5668.86093193   1133.71201073   6802.57294267     30.47774695     22.02560908
    3.55000000   5659.71998406   1142.85347907   6802.57346314     30.42860206     21.87326336
    3.60000000   6161.33615231    641.23546234   6802.57161465     33.12546318     22.06227275
    3.65000000   5730.39608503   1072.17489775   6802.57098278     30.80858110     22.12155854
    3.70000000   5741.47124055   1061.10059849   6802.57183904     30.86812495     22.00584616
    3.75000000   5619.20495394   1183.37516443   6802.58011837     30.21077932     22.01097630
    3.80000000   5700.85193828   1101.71574791   6802.56768619     30.64974160     22.18072298
    3.85000000   5795.47446618   1007.09219458   6802.56666076     31.15846487     21.81599756
    3.90000000   5944.51988398    858.05363614   6802.57352012     31.95978432     22.01851632
    3.95000000   6047.64902477    754.92334921   6802.57237399     32.51424207     22.04087883
    4.00000000   5856.92183526    945.65153011   6802.57336537     31.48882707     21.91421464
    4.05000000   5621.19741609   1181.37345556   6802.57087165     30.22149148     22.07664834
    4.10000000   6048.62254617    753.94498764   6802.56753382     32.51947605     22.00931543
    4.15000000   5879.54554863    923.03156338   6802.57711201     31.61045994     21.78725088
    4.20000000   5827.02469475    975.55280058   6802.57749533     31.32808976     22.13088340
    4.25000000   6023.05909812    779.50991775   6802.56901587     32.38203816     21.95895795
    4.30000000   5649.08033697   1153.50205644   6802.58239341     30.37139966     22.11030055
    4.35000000   5989.30112439    813.27049962   6802.57162401     32.20054368     22.09492350
    4.40000000   5838.03537798    964.53463348   6802.57001146     31.38728698     22.01390873
    4.45000000   5583.43353000   1219.15076869   6802.58429869     30.01845984     21.96912015
    4.50000000   5896.16624839    906.40434699   6802.57059539     31.69981854     22.14930471
    4.55000000   5808.72594906    993.85062810   6802.57657716     31.22970940     22.06614990
    4.60000000   5915.27928614    887.29282997   6802.57211611     31.80257681     22.07212272
    4.65000000   5965.43996304    837.12530823   6802.56527128     32.07225787     22.17235755
    4.70000000   5903.00765031    899.56514347   6802.57279378     31.73660027     22.02635998
    4.75000000   5811.16808948    991.40387396   6802.57196344     31.24283919     21.97881384
    4.80000000   5609.02642064   1193.52958469   6802.55600533     30.15605602     21.95760042
    4.85000000   5804.67423841    997.89600049   6802.57023890     31.20792601     22.13589614
    4.90000000   5912.93666493    889.63136120   6802.56802613     31.78998207     21.87001005
    4.95000000   6115.04120960    687.52482279   6802.56603238     32.87656564     22.05903034
    5.00000000   5511.31161186   1291.26844382   6802.58005568     29.63070759     22.07025803
    5.05000000   5594.88029430   1207.69127288   6802.57156718     30.08000158     22.08322327
    5.10000000   6052.47709040    750.09626288   6802.57335328     32.54019941     21.96936748
    5.15000000   5899.09186734    903.47043130   6802.56229864     31.71554767     21.97912830
    5.20000000   5781.65542489   1020.91819743   6802.57362232     31.08416895     21.94119244
    5.25000000   5729.16138725   1073.41906917   6802.58045641     30.80194294     22.06120065
    5.30000000   5744.62890814   1057.93689068   6802.56579882     30.88510166     22.08585596
    5.35000000   5796.77716096   1005.79540567   6802.57256662     31.16546861     21.97287412
    5.40000000   5782.78504612   1019.78990440   6802.57495052     31.09024218     22.02899800
    5.45000000   5921.53697046    881.03689653   6802.57386699     31.83622027     21.95892900
    5.50000000   5722.23622003   1080.33617222   6802.57239225     30.76471086     21.94940414
    5.55000000   5799.15585717   1003.42116556   6802.57702273     31.17825730     22.13002825
    5.60000000   6086.06467638    716.50651356   6802.57118994     32.72077783     22.01836324
    5.65000000   6249.77963091    552.78813700   6802.56776791     33.60096576     21.99376066
    5.70000000   5475.93098404   1326.64139378   6802.57237783     29.44048916     22.09573599
    5.75000000   5979.43383086    823.13559781   6802.56942867     32.14749371     22.05959160
    5.80000000   5567.43361255   1235.14068333   6802.57429588     29.93243878     21.97326818
    5.85000000   6120.32205642    682.23840601   6802.56046243     32.90495729     22.07287446
    5.90000000   6004.82833695    797.74061154   6802.56894849     32.28402332     22.11341633
    5.95000000   6053.21386784    749.35643605   6802.57030390     32.54416058     21.86713329
    6.00000000   5812.83878476    989.72878308   6802.56756784     31.25182142     22.07482975
    6.05000000   5867.21151389    935.35995353   6802.57146742     31.54414792     21.93884532
    6.10000000   6109.15127522    693.42130119   6802.57257641     32.84489933     22.12587175
    6.15000000   5809.10797632    993.46885822   6802.57683454     31.23176331     22.00473813
    6.20000000   5875.93333982    926.63709604   6802.57043587     31.59103946     22.08392063
    6.25000000   5942.31540489    860.25790370   6802.57330859     31.94793228     21.91530461
    6.30000000   5920.41365617    882.15341081   6802.56706698     31.83018095     22.01300138
    6.35000000   6249.19078659    553.38218396   6802.57297055     33.59779993     21.97455119
    6.40000000   5765.98503801   1036.58053970   6802.56557772     30.99991956     21.98652642
    6.45000000   5992.92396904    809.65092688   6802.57489593     32.22002134     22.04018206
    6.50000000   5913.74733027    888.82742266   6802.57475293     31.79434049     22.01341598
    6.55000000   6011.52953028    791.03452584   6802.56405612     32.32005124     21.82554489
    6.60000000   5988.38424996    814.17492006   6802.55917002     32.19561425     22.12159539
    6.65000000   5736.40091432   1066.16841616   6802.56933048     30.84086513     21.94826306
    6.70000000   6165.32165077    637.24849668   6802.57014745     33.14689060     21.98104649
    6.75000000   5785.81572338   1016.74763601   6802.56335939     31.10653615     22.00795929
    6.80000000   6077.90104524    724.66769259   6802.56873783     32.67688734     22.10817048
    6.85000000   6153.20658272    649.35055200   6802.55713473     33.08175582     22.08586255
    6.90000000   5997.34823273    805.21806134   6802.56629407     32.24380770     22.01575802
    6.95000000   5828.46673122    974.09939844   6802.56612966     31.33584264     21.87016795
    7.00000000   5624.39474462   1178.17196577   6802.56671039     30.23868142     21.94128361
