    0.00000000   5160.00000000   -623.53013185   4536.46986815     27.74193548     22.19354839
    0.05000000   4128.70613279    407.76059650   4536.46672929     22.19734480     22.09537251
    0.10000000   3932.09560185    604.37021688   4536.46581873     21.14029893     21.97066851
    0.15000000   4055.92298319    480.54175753   4536.46474072     21.80603754     22.03161712
    0.20000000   3927.27986156    609.18275702   4536.46261858     21.11440786     22.01222495
    0.25000000   4073.31746874    463.14460852   4536.46207726     21.89955628     22.08047827
    0.30000000   3852.22129604    684.24541311   4536.46670915     20.71086718     21.98199134
    0.35000000   4036.69497444    499.77215266   4536.46712710     21.70266115     22.10816720
    0.40000000   4136.92447678    399.54187826   4536.46635503     22.24152945     22.05520027
    0.45000000   3902.57030126    633.89430783   4536.46460909     20.98156076     22.01904396
    0.50000000   3977.03651183    559.43353026   4536.47004209     21.38191673     22.20616033
    0.55000000   4216.24621439    320.21946039   4536.46567478     22.66799040     21.99857379
    0.60000000   4215.30695240    321.16013802   4536.46709043     22.66294060     22.06959116
    0.65000000   4015.27890048    521.18604295   4536.46494343     21.58752097     22.07804105
    0.70000000   3795.28619274    741.18112748   4536.46732021     20.40476448     22.00455101
    0.75000000   4181.82542729    354.64372070   4536.46914799     22.48293240     21.99989884
    0.80000000   3821.18930904    715.27921854   4536.46852758     20.54402854     21.90089533
    0.85000000   3843.08665156    693.37730013   4536.46395169     20.66175619     22.05135045
    0.90000000   3987.07223647    549.39647385   4536.46871032     21.43587224     22.08845247
    0.95000000   4216.02866305    320.43600540   4536.46466845     22.66682077     21.89474019
    1.00000000   3868.29838380    668.16612494   4536.46450874     20.79730314     22.12935759
    1.05000000   3669.41940729    867.04745535   4536.46686264     19.72806133     21.94256328
    1.10000000   4231.20225534    305.25965726   4536.46191260     22.74839922     22.03891317
    1.15000000   3923.74034735    612.72522162   4536.46556897     21.09537821     21.99639854
    1.20000000   4069.39976312    467.06611504   4536.46587817     21.87849335     21.99107563
    1.25000000   3690.16251289    846.30301264   4536.46552553     19.83958340     22.00252715
    1.30000000   3845.57995862    690.88962338   4536.46958200     20.67516107     22.05557442
    1.35000000   3948.85468943    587.60942650   4536.46411593     21.23040156     22.01245926
    1.40000000   3963.51543601    572.95064587   4536.46608188     21.30922277     22.03194511
    1.45000000   4173.25453329    363.20967480   4536.46420809     22.43685233     22.00093369
    1.50000000   3909.73372829    626.73164722   4536.46537551     21.02007381     22.17683163
    1.55000000   3927.21259835    609.25651267   4536.46911102     21.11404623     21.99920468
    1.60000000   4067.63775888    468.82366469   4536.46142357     21.86902021     21.91594476
    1.65000000   3759.25364276    777.21341647   4536.46705923     20.21104109     22.05852627
    1.70000000   3891.56822295    644.89859537   4536.46681832     20.92240980     21.95261146
    1.75000000   4127.87346441    408.59387286   4536.46733728     22.19286809     22.00949958
    1.80000000   4167.70575427    368.75898738   4536.46474165     22.40702018     21.91177391
    1.85000000   3888.70390667    647.76692694   4536.47083361     20.90701025     22.09060994
    1.90000000   3850.27114882    686.19626977   4536.46741859     20.70038252     22.00454080
    1.95000000   3936.12929023    600.33968830   4536.46897853     21.16198543     21.95952927
    2.00000000   3934.58280465    601.88563005   4536.46843469     21.15367099     21.96054542
    2.05000000   4181.48706116    354.97664447   4536.46370563     22.48111323     22.05704301
    2.10000000   3678.68605792    857.78479957   4536.47085749     19.77788203     22.08995284
    2.15000000   4087.33620498    449.12890656   4536.46511154     21.97492583     22.10441044
    2.20000000   4097.89496768    438.57122117   4536.46618885     22.03169337     21.90325113
    2.25000000   4057.96568079    478.49895717   4536.46463795     21.81701979     21.96044060
    2.30000000   3781.19298320    755.27777970   4536.47076290     20.32899453     22.03960749
    2.35000000   3820.50521433    715.95553079   4536.46074512     20.54035061     22.05401366
    2.40000000   4092.04662433    444.41934301   4536.46596733     22.00025067     21.98929555
    2.45000000   3947.06344921    589.40127487   4536.46472408     21.22077123     22.11824581
    2.50000000   4047.03533505    489.42997369   4536.46530873     21.75825449     22.08094899
    2.55000000   3734.28298959    802.18636056   4536.46935015     20.07679027     21.83219052
    2.60000000   3943.61535266    592.85233985   4536.46769251     21.20223308     22.08341123
    2.65000000   3829.51363399    706.94536100   4536.45899499     20.58878298     22.16471899
    2.70000000   4160.71215813    375.74955773   4536.46171586     22.36942020     22.00239106
    2.75000000   3934.38727618    602.07518953   4536.46246570     21.15261976     22.08641444
    2.80000000   3988.67622187    547.79077182   4536.46699369     21.44449582     21.95254562
    2.85000000   4115.41420579    421.04539112   4536.45959691     22.12588283     22.12378611
    2.90000000   3837.12079865    699.34680177   4536.46760042     20.62968171     22.01316587
    2.95000000   3939.26518219    597.19770513   4536.46288732     21.17884507     21.87431167
    3.00000000   4110.46945784    425.99191482   4536.46137266     22.09929816     21.94272023
    3.05000000   4090.42979542    446.03211441   4536.46190982     21.99155804     21.97209359
    3.10000000   3781.80046103    754.66274888   4536.46320991     20.33226054     22.04989046
    3.15000000   4052.89422764    483.56896900   4536.46319665     21.78975391     21.90098882
    3.20000000   4060.22572023    476.23823432   4536.46395455     21.82917054     22.08400854
    3.25000000   4063.25724187    473.20684309   4536.46408496     21.84546904     21.92920658
    3.30000000   4045.11013730    491.35265236   4536.46278966     21.74790396     21.93619058
    3.35000000   3855.80653846    680.65771068   4536.46424914     20.73014268     22.11460547
    3.40000000   4012.95065501    523.51572998   4536.46638500     21.57500352     22.10257484
    3.45000000   4164.93681088    371.53013953   4536.46695041     22.39213339     21.99218737
    3.50000000   3955.99834405    580.46508736   4536.46343141     21.26880830     22.02904147
    3.55000000   4007.93618878    528.52580861   4536.46199739     21.54804403     22.14127210
    3.60000000   3968.61293552    567.85153040   4536.46446592     21.33662869     22.08512909
    3.65000000   3788.83685379    747.62825960   4536.46511339     20.37009061     21.96123333
    3.70000000   3885.73690815    650.72942472   4536.46633287     20.89105865     21.87333185
    3.75000000   3822.01985844    714.43678647   4536.45664491     20.54849386     22.03121073
    3.80000000   4061.29780334    475.16289943   4536.46070278     21.83493443     22.03702977
    3.85000000   4034.87962027    501.58212252   4536.46174280     21.69290118     22.11447978
    3.90000000   3958.62699878    577.83341943   4536.46041821     21.28294085     21.92035372
    3.95000000   3988.50942301    547.95033442   4536.45975744     21.44359905     22.09608123
    4.00000000   4113.31207696    423.15309966   4536.46517663     22.11458106     22.05949403
    4.05000000   4152.95528389    383.50904446   4536.46432834     22.32771658     22.06187979
    4.10000000   3933.39333047    603.07171381   4536.46504428     21.14727597     22.07739239
    4.15000000   3845.41314279    691.05683293   4536.46997572     20.67426421     21.84413673
    4.20000000   3952.99998052    583.45985022   4536.45983074     21.25268807     22.02978853
    4.25000000   4019.11431551    517.34437705   4536.45869256     21.60814148     22.02015000
    4.30000000   4177.03756498    359.42694767   4536.46451265     22.45719121     22.03133822
    4.35000000   4111.20961731    425.25270109   4536.46231840     22.10327751     21.96236577
    4.40000000   4121.37941164    415.08218006   4536.46159169     22.15795383     22.07470610
    4.45000000   3842.74121248    693.71990887   4536.46112135     20.65989899     22.03240807
    4.50000000   3866.70361816    669.76615875   4536.46977691     20.78872913     22.11863164
    4.55000000   3765.52787539    770.94472922   4536.47260461     20.24477352     22.15084446
    4.60000000   3531.45131603   1005.01392351   4536.46523954     18.98629740     21.92790619
    4.65000000   4040.51500394    495.94924539   4536.46424933     21.72319895     21.96215176
    4.70000000   4061.21569295    475.25027366   4536.46596661     21.83449297     21.93214462
    4.75000000   4087.08098751    449.38514847   4536.46613598     21.97355370     21.96942116
    4.80000000   4060.72731861    475.73476376   4536.46208236     21.83186730     21.98927416
    4.85000000   3916.00629744    620.46280258   4536.46910002     21.05379730     22.03553071
    4.90000000   4112.79929891    423.66939932   4536.46869823     22.11182419     22.07602175
    4.95000000   3905.11493231    631.35567991   4536.47061222     20.99524157     22.02890820
    5.00000000   4024.21684408    512.24657049   4536.46341456     21.63557443     22.08475730
    5.05000000   3979.00597398    557.45583758   4536.46181156     21.39250524     22.03141629
    5.10000000   4130.58375659    405.88420123   4536.46795782     22.20743955     22.10374986
    5.15000000   4067.63388080    468.83270939   4536.46659019     21.86899936     21.96882330
    5.20000000   4221.75090945    314.71264374   4536.46355319     22.69758553     22.03088979
    5.25000000   4091.24268340    445.22148314   4536.46416654     21.99592841     22.04257279
    5.30000000   3929.47678070    606.98862056   4536.46540126     21.12621925     22.01684893
    5.35000000   3962.84600607    573.62250356   4536.46850963     21.30562369     21.87176062
    5.40000000   3911.10808686    625.35951935   4536.46760621     21.02746283     22.02222215
    5.45000000   4157.01313857    379.45486040   4536.46799897     22.34953300     22.07585939
    5.50000000   3843.94277535    692.52086022   4536.46363557     20.66635901     22.04009312
    5.55000000   4039.80163020    496.66714197   4536.46877217     21.71936360     22.18247157
    5.60000000   3652.74900311    883.72329207   4536.47229518     19.63843550     21.98223535
    5.65000000   3896.00050613    640.46734328   4536.46784941     20.94623928     21.96394039
    5.70000000   3969.98820066    566.47346202   4536.46166268     21.34402258     22.11113133
    5.75000000   4134.40169535    402.06539944   4536.46709479     22.22796610     22.01186344
    5.80000000   3847.22786661    689.23565018   4536.46351679     20.68402079     22.06677304
    5.85000000   3825.68251566    710.78263650   4536.46515216     20.56818557     21.79881048
    5.90000000   4151.89901190    384.56546795   4536.46447985     22.32203770     22.14741145
    5.95000000   3934.55512638    601.90878751   4536.46391390     21.15352218     21.83765827
    6.00000000   3918.10673137    618.35626752   4536.46299889     21.06508995     22.13570798
    6.05000000   4053.69265184    482.77421648   4536.46686832     21.79404652     22.14086644
    6.10000000   4127.60741998    408.86063619   4536.46805617     22.19143774     21.92692342
    6.15000000   4142.07214803    394.39428669   4536.46643472     22.26920510     22.03680199
    6.20000000   4008.70592558    527.76011922   4536.46604480     21.55218240     22.05537403
    6.25000000   3894.98805816    641.47870158   4536.46675975     20.94079601     21.98324738
    6.30000000   4041.78845470    494.67001154   4536.45846625     21.73004546     22.01793881
    6.35000000   3971.30354278    565.16463722   4536.46818000     21.35109432     22.14537062
    6.40000000   4112.05728544    424.40920971   4536.46649515     22.10783487     21.94745899
    6.45000000   4059.60664052    476.86268133   4536.46932185     21.82584215     21.97754356
    6.50000000   4283.10745287    253.36022152   4536.46767439     23.02745942     22.00811252
    6.55000000   4160.82414677    375.64363707   4536.46778384     22.37002229     21.96148156
    6.60000000   3769.62265454    766.84378611   4536.46644065     20.26678847     22.09420535
    6.65000000   4094.85539688    441.61280035   4536.46819722     22.01535160     22.09563198
    6.70000000   3942.97367717    593.49656227   4536.47023944     21.19878321     21.95804723
    6.75000000   3902.97875284    633.49089144   4536.46964428     20.98375674     21.79804805
    6.80000000   3969.84321233    566.62329268   4536.46650501     21.34324308     22.00041869
    6.85000000   4222.29747256    314.17058524   4536.46805780     22.70052405     21.99613897
    6.90000000   4093.52707651    442.93851234   4536.46558885     22.00821009     21.99209114
    6.95000000   4107.44278158    429.02675670   4536.46953829     22.08302571     22.10830796
    7.00000000   4065.58560005    470.87833811   4536.46393816     21.85798710     21.97008453
