    0.00000000   5122.28653573   -623.53013185   4498.75640388     27.53917492      0.00000000
    0.05000000   3979.47241181    519.28184187   4498.75425368     21.39501297     22.03547883
    0.10000000   4092.31367365    406.43720386   4498.75087751     22.00168642     21.95547648
    0.15000000   4072.61830854    426.13345308   4498.75176162     21.89579736     22.13029232
    0.20000000   3970.95329794    527.79250106   4498.74579900     21.34921128     22.04926430
    0.25000000   3931.28116216    567.47153298   4498.75269514     21.13592023     21.97072261
    0.30000000   3949.29638176    549.45267920   4498.74906096     21.23277625     22.04664685
    0.35000000   4022.24416902    476.50650848   4498.75067750     21.62496865     22.07225088
    0.40000000   3788.69325920    710.05916599   4498.75242520     20.36931860     22.01126191
    0.45000000   4004.49394985    494.25837481   4498.75232467     21.52953736     21.87844952
    0.50000000   3903.27957777    595.46565662   4498.74523439     20.98537407     22.08861580
    0.55000000   4004.29606766    494.45362425   4498.74969191     21.52847348     22.02146297
    0.60000000   3700.74794738    798.00011783   4498.74806521     19.89649434     21.98191951
    0.65000000   3774.93738555    723.81213445   4498.74952000     20.29536229     21.96686910
    0.70000000   3982.34771406    516.40551018   4498.75322424     21.41047158     22.08717484
    0.75000000   3961.71555317    537.03601825   4498.75157142     21.29954598     22.12340617
    0.80000000   4005.10305722    493.64008409   4498.74314132     21.53281214     21.96451478
    0.85000000   3879.11004718    619.64124096   4498.75128814     20.85543036     22.02514511
    0.90000000   3864.02586560    634.71707745   4498.74294306     20.77433261     22.06461766
    0.95000000   3833.96873977    664.78375469   4498.75249446     20.61273516     22.03506733
    1.00000000   4059.04370227    439.71089074   4498.75459301     21.82281560     21.95814760
    1.05000000   3866.15373364    632.60374881   4498.75748245     20.78577276     22.03800653
    1.10000000   4017.61521136    481.13596356   4498.75117492     21.60008178     22.02031983
    1.15000000   3817.68569331    681.07121987   4498.75691318     20.52519190     22.03121791
    1.20000000   3847.97943216    650.77392411   4498.75335627     20.68806146     22.03716070
    1.25000000   3873.20970519    625.53904112   4498.74874631     20.82370809     22.07381628
    1.30000000   3771.58338351    727.17124415   4498.75462767     20.27733002     22.10459599
    1.35000000   3970.43706302    528.32139151   4498.75845454     21.34643582     21.94106693
    1.40000000   4062.67591466    436.07512615   4498.75104081     21.84234363     22.06319957
    1.45000000   3851.63368947    647.11949200   4498.75318147     20.70770801     22.10458706
    1.50000000   3852.30610298    646.44564584   4498.75174882     20.71132313     22.05743173
    1.55000000   4137.38876080    361.36055278   4498.74931357     22.24402560     21.99518565
    1.60000000   3852.99613302    645.75724514   4498.75337816     20.71503297     22.03863149
    1.65000000   3970.69705575    528.05469633   4498.75175208     21.34783363     21.99601895
    1.70000000   3596.86073652    901.89303642   4498.75377295     19.33796095     22.06767026
    1.75000000   3988.93488214    509.81575110   4498.75063324     21.44588646     22.05590349
    1.80000000   3941.73871809    557.01580134   4498.75451942     21.19214365     21.83048245
    1.85000000   3782.34247946    716.41286651   4498.75534598     20.33517462     22.02254980
    1.90000000   3829.19124293    669.56149499   4498.75273793     20.58704969     22.07048620
    1.95000000   4029.78277597    468.96808231   4498.75085828     21.66549880     21.99375806
    2.00000000   3665.84954074    832.90396787   4498.75350862     19.70886850     22.04331690
    2.05000000   3950.62023263    548.13250775   4498.75274038     21.23989372     21.92351671
    2.10000000   4060.79222368    437.95218830   4498.74441197     21.83221626     22.07827866
    2.15000000   3993.55740583    505.18829414   4498.74569997     21.47073874     21.96155692
    2.20000000   3946.86443534    551.89026236   4498.75469770     21.21970127     22.08922960
    2.25000000   3895.32811617    603.42148215   4498.74959833     20.94262428     21.86248346
    2.30000000   3957.51690674    541.23781103   4498.75471777     21.27697262     22.09563029
    2.35000000   3958.21201920    540.53664363   4498.74866283     21.28070978     22.02411385
    2.40000000   4108.61842124    390.13547627   4498.75389751     22.08934635     22.03535903
    2.45000000   3852.81661123    645.93768648   4498.75429771     20.71406780     21.92946211
    2.50000000   4021.49517598    477.25408016   4498.74925614     21.62094181     22.02073284
    2.55000000   4106.81164465    391.93596418   4498.74760884     22.07963250     21.98200946
    2.60000000   4016.61494977    482.14006012   4498.75500989     21.59470403     22.01021317
    2.65000000   3960.05016676    538.69860612   4498.74877288     21.29059229     21.99507497
    2.70000000   3987.50847149    511.24350707   4498.75197856     21.43821759     22.04626951
    2.75000000   3965.42107875    533.33001073   4498.75108948     21.31946817     22.11097811
    2.80000000   3855.67503184    643.08049665   4498.75552849     20.72943566     21.98426895
    2.85000000   3986.50074344    512.25477193   4498.75551537     21.43279970     21.85432698
    2.90000000   3908.11850128    590.63260146   4498.75110274     21.01138979     22.00240087
    2.95000000   3867.10311240    631.64755481   4498.75066721     20.79087695     22.07312128
    3.00000000   3967.18775683    531.56508505   4498.75284188     21.32896643     22.01885697
    3.05000000   3842.17289596    656.58150620   4498.75440216     20.65684353     22.06505175
    3.10000000   3775.02405306    723.73191233   4498.75596539     20.29582824     21.95132741
    3.15000000   3836.17743456    662.57664035   4498.75407490     20.62460986     21.89408451
    3.20000000   3999.26830524    499.48878854   4498.75709379     21.50144250     21.98253794
    3.25000000   3980.83261514    517.91623015   4498.74884529     21.40232589     22.04822226
    3.30000000   3884.05534787    614.69887157   4498.75421944     20.88201800     21.94884059
    3.35000000   3726.94936927    771.80460695   4498.75397622     20.03736220     22.02308597
    3.40000000   3919.55806357    579.19119385   4498.74925741     21.07289281     21.97109934
    3.45000000   4008.62461321    490.12914262   4498.75375583     21.55174523     22.02457167
    3.50000000   3640.10372138    858.64371056   4498.74743194     19.57045011     22.00330665
    3.55000000   3878.75190153    620.00054967   4498.75245119     20.85350485     21.97932484
    3.60000000   4116.37755233    382.37012051   4498.74767284     22.13106211     22.05477147
    3.65000000   3597.10685086    901.64877561   4498.75562648     19.33928414     22.00206058
    3.70000000   4051.69875272    447.05463437   4498.75338710     21.78332663     22.07043960
    3.75000000   4022.97584747    475.77515860   4498.75100608     21.62890241     22.08030192
    3.80000000   4171.66580425    327.08623858   4498.75204283     22.42831078     21.97013026
    3.85000000   3965.36104200    533.39353209   4498.75457409     21.31914539     22.10580933
    3.90000000   3705.43087457    793.32326769   4498.75414226     19.92167137     21.86064629
    3.95000000   3820.52033570    678.22843023   4498.74876593     20.54043191     22.07840146
    4.00000000   4114.70010907    384.05156253   4498.75167161     22.12204360     21.98882482
    4.05000000   4112.22032342    386.53231612   4498.75263954     22.10871142     22.05441008
    4.10000000   3902.43762807    596.31759536   4498.75522343     20.98084746     22.00620292
    4.15000000   3857.10092468    641.64702432   4498.74794899     20.73710175     22.04596414
    4.20000000   4065.20057474    433.54883471   4498.74940945     21.85591707     22.02070046
    4.25000000   3894.71783539    604.03194762   4498.74978300     20.93934320     21.94453581
    4.30000000   3817.87515948    680.87521762   4498.75037710     20.52621053     22.09738513
    4.35000000   4094.08103461    404.67032366   4498.75135827     22.01118836     21.99780857
    4.40000000   4041.46583011    457.28248769   4498.74831780     21.72831091     22.05146842
    4.45000000   4036.43955088    462.31151646   4498.75106734     21.70128791     22.03099224
    4.50000000   3936.28194050    562.46624404   4498.74818454     21.16280613     21.98255772
    4.55000000   3967.96793063    530.78594200   4498.75387264     21.33316092     22.04477580
    4.60000000   3927.34593333    571.40622192   4498.75215525     21.11476308     21.95151636
    4.65000000   3991.41851523    507.33372017   4498.75223540     21.45923933     22.07410028
    4.70000000   3834.02260345    664.72955653   4498.75215998     20.61302475     21.96501786
    4.75000000   3788.09293436    710.66112811   4498.75406246     20.36609104     21.97979211
    4.80000000   3870.50900637    628.24525430   4498.75426067     20.80918821     21.92098375
    4.85000000   3958.56359386    540.18877223   4498.75236609     21.28259997     22.00396776
    4.90000000   3943.73412758    555.01729144   4498.75141902     21.20287165     22.09136797
    4.95000000   3741.70072985    757.05237353   4498.75310338     20.11667059     21.98037354
    5.00000000   3776.59278037    722.16088265   4498.75366302     20.30426226     21.96865124
    5.05000000   3875.98546455    622.76770475   4498.75316930     20.83863153     22.07905931
    5.10000000   3858.42022631    640.33617663   4498.75640294     20.74419477     21.92174095
    5.15000000   3988.77998087    509.97246050   4498.75244136     21.44505366     22.02753472
    5.20000000   3955.73777739    543.01162361   4498.74940100     21.26740741     21.98151335
    5.25000000   3815.81974600    682.93739906   4498.75714506     20.51515992     22.07424329
    5.30000000   4073.57414730    425.17624789   4498.75039519     21.90093628     21.99732132
    5.35000000   3979.28180356    519.46925989   4498.75106345     21.39398819     22.05381911
    5.40000000   3922.22448556    576.52661413   4498.75109969     21.08722842     22.01993992
    5.45000000   3880.34357161    618.40137831   4498.74494991     20.86206221     21.99288123
    5.50000000   3975.43945435    523.31155968   4498.75101402     21.37333040     21.99940653
    5.55000000   3927.92900624    570.82306344   4498.75206968     21.11789788     22.02265408
    5.60000000   3927.11746146    571.62879244   4498.74625390     21.11353474     22.03210301
    5.65000000   3998.11666611    500.63433760   4498.75100371     21.49525089     21.95369840
    5.70000000   4109.20564024    389.54460677   4498.75024701     22.09250344     22.10944892
    5.75000000   4047.25863337    451.48983186   4498.74846524     21.75945502     21.97826096
    5.80000000   3963.91420342    534.83296914   4498.74717256     21.31136669     22.03997868
    5.85000000   3998.26878086    500.48103938   4498.74982024     21.49606871     21.94554347
    5.90000000   3899.07911315    599.67203401   4498.75114716     20.96279093     21.97382309
    5.95000000   3752.82763410    745.92330100   4498.75093510     20.17649266     22.14594398
    6.00000000   4026.72799432    472.02234148   4498.75033579     21.64907524     21.94794429
    6.05000000   4033.01599181    465.73536227   4498.75135407     21.68288168     21.99041190
    6.10000000   3801.72693118    697.02302986   4498.74996103     20.43939210     22.08301245
    6.15000000   4117.97298560    380.77860389   4498.75158949     22.13963971     21.95514177
    6.20000000   3914.60184389    584.14892861   4498.75077250     21.04624647     21.99775497
    6.25000000   3966.01646046    532.73508479   4498.75154525     21.32266914     22.03660859
    6.30000000   3954.65464366    544.09691945   4498.75156310     21.26158411     22.03188656
    6.35000000   4010.48216866    488.27061749   4498.75278615     21.56173209     21.86434328
    6.40000000   4087.70304218    411.04820095   4498.75124314     21.97689808     21.99656401
    6.45000000   3690.12673692    808.62622737   4498.75296429     19.83939106     22.13531688
    6.50000000   3792.84532742    705.90686805   4498.75219547     20.39164155     21.92850572
    6.55000000   3855.15171715    643.60529310   4498.75701024     20.72662214     21.94954801
    6.60000000   4013.66189543    485.08874775   4498.75064317     21.57882739     22.01276671
    6.65000000   3992.05561019    506.69655031   4498.75216050     21.46266457     22.04828506
    6.70000000   4010.72073919    488.02804001   4498.74877921     21.56301473     22.00184777
    6.75000000   3990.83699583    507.90979213   4498.74678796     21.45611288     22.11112608
    6.80000000   4011.58223866    487.16743009   4498.74966875     21.56764644     22.03122908
    6.85000000   3737.94367009    760.81018484   4498.75385494     20.09647134     22.04547473
    6.90000000   4117.76205427    380.98788414   4498.74993841     22.13850567     21.91715995
    6.95000000   4034.63052393    464.12184792   4498.75237185     21.69156196     22.00766712
    7.00000000   3825.17165915    673.58058032   4498.75223948     20.56543903     22.04301651
