  2.13289034785961139E-002  2.98311383562672656E-306
  6.39867104357883382E-002   0.0000000000000000     
  0.10664451739298056        0.0000000000000000     
  0.14930232435017279        0.0000000000000000     
  0.19196013130736500        0.0000000000000000     
  0.23461793826455724        0.0000000000000000     
  0.27727574522174947        0.0000000000000000     
  0.31993355217894170        0.0000000000000000     
  0.36259135913613388        0.0000000000000000     
  0.40524916609332612        0.0000000000000000     
  0.44790697305051835        0.0000000000000000     
  0.49056478000771059        0.0000000000000000     
  0.53322258696490277        0.0000000000000000     
  0.57588039392209500        0.0000000000000000     
  0.61853820087928724        0.0000000000000000     
  0.66119600783647947        0.0000000000000000     
  0.70385381479367171        0.0000000000000000     
  0.74651162175086394        0.0000000000000000     
  0.78916942870805618        0.0000000000000000     
  0.83182723566524841        0.0000000000000000     
  0.87448504262244064        0.0000000000000000     
  0.91714284957963288        0.0000000000000000     
  0.95980065653682500        0.0000000000000000     
   1.0024584634940172        0.0000000000000000     
   1.0451162704512096        0.0000000000000000     
   1.0877740774084017        0.0000000000000000     
   1.1304318843655941        0.0000000000000000     
   1.1730896913227862        0.0000000000000000     
   1.2157474982799783        0.0000000000000000     
   1.2584053052371706        0.0000000000000000     
   1.3010631121943628        0.0000000000000000     
   1.3437209191515551        0.0000000000000000     
   1.3863787261087472        0.0000000000000000     
   1.4290365330659396        0.0000000000000000     
   1.4716943400231317        0.0000000000000000     
   1.5143521469803241        0.0000000000000000     
   1.5570099539375162        0.0000000000000000     
   1.5996677608947085        0.0000000000000000     
   1.6423255678519006        0.0000000000000000     
   1.6849833748090928        0.0000000000000000     
   1.7276411817662851        0.0000000000000000     
   1.7702989887234772        0.0000000000000000     
   1.8129567956806696        0.0000000000000000     
   1.8556146026378617        0.0000000000000000     
   1.8982724095950541       1.79071262090826173E-003
   1.9409302165522462       6.27097145692726357E-003
   1.9835880235094385       1.77956504735039683E-002
   2.0262458304666309       4.21985810893160743E-002
   2.0689036374238228       8.64239569169805155E-002
   2.1115614443810151       0.14086566231535202     
   2.1542192513382075       0.23176349667024318     
   2.1968770582953994       0.34123127410403697     
   2.2395348652525917       0.39325351981199685     
   2.2821926722097841       0.52189873969085554     
   2.3248504791669764       0.61549901461279299     
   2.3675082861241683       0.64715524721536355     
   2.4101660930813606       0.61908524075136118     
   2.4528239000385530       0.69437181909247303     
   2.4954817069957453       0.74971610589754378     
   2.5381395139529372       0.77108130558393673     
   2.5807973209101296       0.77085908673250303     
   2.6234551278673219       0.79172212687100374     
   2.6661129348245138       0.80886409865103026     
   2.7087707417817062       0.82780191931300373     
   2.7514285487388985       0.82829332302560088     
   2.7940863556960909       0.79897475548145147     
   2.8367441626532828       0.83603456712384183     
   2.8794019696104751       0.84547243934919558     
   2.9220597765676675       0.85014431723039374     
   2.9647175835248598       0.83059356813357244     
   3.0073753904820517       0.77812349250686053     
   3.0500331974392441       0.73498378848538848     
   3.0926910043964364       0.74801936823393278     
   3.1353488113536283       0.70140834834429433     
   3.1780066183108207       0.69045285807679380     
   3.2206644252680130       0.67477347539214394     
   3.2633222322252053       0.68342888223643694     
   3.3059800391823972       0.68002117755579583     
   3.3486378461395896       0.68998442849248409     
   3.3912956530967819       0.69529571801926449     
   3.4339534600539743       0.67190805841104850     
   3.4766112670111662       0.62619156532394860     
   3.5192690739683585       0.61535065986416571     
   3.5619268809255509       0.59396375906771637     
   3.6045846878827428       0.60986823015851710     
   3.6472424948399351       0.60465941946101842     
   3.6899003017971275       0.59925984431091817     
   3.7325581087543198       0.59135594498764676     
   3.7752159157115117       0.58756260813795713     
   3.8178737226687041       0.59659566207082049     
   3.8605315296258964       0.58319796599842744     
   3.9031893365830888       0.58792430276726715     
   3.9458471435402807       0.63185992279117575     
   3.9885049504974730       0.67100939006154336     
   4.0311627574546653       0.69671560486014239     
   4.0738205644118572       0.63669991145558180     
   4.1164783713690500       0.61094107693404998     
   4.1591361783262419       0.61758662298534528     
   4.2017939852834338       0.61070582281628749     
   4.2444517922406266       0.59755799094016571     
   4.2871095991978185       0.60403494261521573     
   4.3297674061550104       0.61480709895437247     
   4.3724252131122032       0.60087660956651257     
   4.4150830200693951       0.60240929019834888     
   4.4577408270265879       0.56834491572542112     
   4.5003986339837798       0.55863228572988999     
   4.5430564409409717       0.56604484094891860     
   4.5857142478981645       0.56598450503588826     
   4.6283720548553564       0.58116560091925862     
   4.6710298618125483       0.59121448949734401     
   4.7136876687697411       0.58648600242775772     
   4.7563454757269330       0.60346058691615034     
   4.7990032826841249       0.59433951828236853     
   4.8416610896413177       0.59851834847072549     
   4.8843188965985096       0.62381174977725617     
   4.9269767035557024       0.62507092985550838     
   4.9696345105128943       0.61393751275657393     
   5.0122923174700862       0.59284489938332119     
   5.0549501244272790       0.58964573840684953     
   5.0976079313844709       0.59437856571341452     
   5.1402657383416628       0.57922263203764923     
   5.1829235452988556       0.57847570980203367     
   5.2255813522560475       0.57457039700350532     
   5.2682391592132394       0.57803409178157039     
   5.3108969661704322       0.57881602320404490     
   5.3535547731276241       0.58919424052930058     
   5.3962125800848169       0.59924296507916408     
   5.4388703870420088       0.57512117553420250     
   5.4815281939992007       0.56959980227431106     
   5.5241860009563934       0.59091974361489596     
   5.5668438079135854       0.57733334783439250     
   5.6095016148707773       0.59829777285889529     
   5.6521594218279700       0.58565318839589708     
   5.6948172287851619       0.59604475286314129     
   5.7374750357423538       0.58599972735911010     
   5.7801328426995466       0.57792204894974364     
   5.8227906496567385       0.56873131092017370     
   5.8654484566139313       0.57545615142621409     
   5.9081062635711232       0.57845023455507949     
   5.9507640705283151       0.58518013661856672     
   5.9934218774855079       0.59074182699430411     
   6.0360796844426998       0.58022040125378271     
   6.0787374913998917       0.60108073498559189     
   6.1213952983570845       0.59386733359757204     
   6.1640531053142764       0.59652342275530745     
   6.2067109122714683       0.60975437328263060     
   6.2493687192286611       0.61158196225195816     
   6.2920265261858530       0.60771565051658227     
   6.3346843331430458       0.64843313117227919     
   6.3773421401002377       0.66590928125212456     
   6.4199999470574296       0.64199582722175352     
   6.4626577540146224       0.62726214254841905     
   6.5053155609718143       0.61796570775259163     
   6.5479733679290062       0.60941353121942798     
   6.5906311748861990       0.61133767620611512     
   6.6332889818433909       0.60358236538620003     
   6.6759467888005828       0.59979290990940115     
   6.7186045957577756       0.59883054092049459     
   6.7612624027149675       0.59892347962769632     
   6.8039202096721603       0.60301725685804808     
   6.8465780166293522       0.60314010330571877     
   6.8892358235865441       0.61560771436634754     
   6.9318936305437369       0.61226316690761395     
   6.9745514375009288       0.62494242497800179     
   7.0172092444581207       0.60321903318928038     
   7.0598670514153135       0.58387614537623111     
   7.1025248583725054       0.58758863888119173     
   7.1451826653296973       0.57606699088996460     
   7.1878404722868900       0.58429372945323876     
   7.2304982792440819       0.59185272706947001     
   7.2731560862012747       0.58164357262067967     
   7.3158138931584666       0.56923121183232550     
   7.3584717001156585       0.56418826005163503     
   7.4011295070728513       0.56566348808591660     
   7.4437873140300432       0.57308715920937936     
   7.4864451209872351       0.56147812306866063     
   7.5291029279444279       0.56133916544764484     
   7.5717607349016198       0.55806676987267312     
   7.6144185418588117       0.55961113523031381     
   7.6570763488160045       0.54856382018467265     
   7.6997341557731964       0.55006746508557869     
   7.7423919627303892       0.54388082382161440     
   7.7850497696875811       0.55589135924549271     
   7.8277075766447730       0.55404284262444703     
   7.8703653836019658       0.55624346516175183     
   7.9130231905591577       0.55850129077398369     
   7.9556809975163496       0.55989124776435073     
   7.9983388044735424       0.57006803036487907     
   8.0409966114307352       0.58305007889006466     
   8.0836544183879262       0.57541903398447103     
   8.1263122253451190       0.56776522980635968     
   8.1689700323023118       0.57532819516464639     
   8.2116278392595028       0.58124474601534526     
   8.2542856462166956       0.57893754162351807     
   8.2969434531738884       0.58145174089836782     
   8.3396012601310794       0.58272130150489720     
   8.3822590670882722       0.58724530249773821     
   8.4249168740454650       0.58361516220988696     
   8.4675746810026560       0.57911737637764538     
   8.5102324879598488       0.60208062096711346     
