  2.84385379714614840E-002  9.86620343629913587E-307
  8.53156139143844555E-002   0.0000000000000000     
  0.14219268985730740        0.0000000000000000     
  0.19906976580023039        0.0000000000000000     
  0.25594684174315335        0.0000000000000000     
  0.31282391768607631        0.0000000000000000     
  0.36970099362899927        0.0000000000000000     
  0.42657806957192224        0.0000000000000000     
  0.48345514551484520        0.0000000000000000     
  0.54033222145776816        0.0000000000000000     
  0.59720929740069117        0.0000000000000000     
  0.65408637334361408        0.0000000000000000     
  0.71096344928653710        0.0000000000000000     
  0.76784052522946000        0.0000000000000000     
  0.82471760117238302        0.0000000000000000     
  0.88159467711530592        0.0000000000000000     
  0.93847175305822894        0.0000000000000000     
  0.99534882900115196        0.0000000000000000     
   1.0522259049440750        0.0000000000000000     
   1.1091029808869979        0.0000000000000000     
   1.1659800568299208        0.0000000000000000     
   1.2228571327728437        0.0000000000000000     
   1.2797342087157668        0.0000000000000000     
   1.3366112846586897        0.0000000000000000     
   1.3934883606016126        0.0000000000000000     
   1.4503654365445355        0.0000000000000000     
   1.5072425124874587        0.0000000000000000     
   1.5641195884303816        0.0000000000000000     
   1.6209966643733045        0.0000000000000000     
   1.6778737403162276        0.0000000000000000     
   1.7347508162591505        0.0000000000000000     
   1.7916278922020734        0.0000000000000000     
   1.8485049681449963       2.46978423558805582E-005
   1.9053820440879194       1.41154343953637466E-003
   1.9622591200308424       1.31397861542529807E-002
   2.0191361959737653       7.04339776069262402E-002
   2.0760132719166884       0.20589126766044946     
   2.1328903478596111       0.43526021015730670     
   2.1897674238025342       0.71698071888401738     
   2.2466444997454573       0.98876515074232618     
   2.3035215756883800        1.2163677407965565     
   2.3603986516313031        1.3889159036680487     
   2.4172757275742263        1.4900859625402958     
   2.4741528035171489        1.5437717886324991     
   2.5310298794600721        1.5621426110123486     
   2.5879069554029948        1.5563432500199657     
   2.6447840313459179        1.5200726218814740     
   2.7016611072888410        1.4821885782316691     
   2.7585381832317637        1.4365032209822663     
   2.8154152591746868        1.3791079958225640     
   2.8722923351176100        1.3346953325377120     
   2.9291694110605326        1.2861332328231874     
   2.9860464870034558        1.2385865249599153     
   3.0429235629463789        1.1939115350425860     
   3.0998006388893016        1.1506601011704438     
   3.1566777148322247        1.1189830411052037     
   3.2135547907751474        1.0909074324902737     
   3.2704318667180705        1.0558521480695677     
   3.3273089426609936        1.0238701245640949     
   3.3841860186039163       0.99393093674308985     
   3.4410630945468395       0.97417693278400808     
   3.4979401704897626       0.95765573250359204     
   3.5548172464326853       0.94199683267236467     
   3.6116943223756084       0.93345332338556208     
   3.6685713983185315       0.91961356371123748     
   3.7254484742614542       0.91038691566663843     
   3.7823255502043773       0.90214054837188140     
   3.8392026261473000       0.90191109384741619     
   3.8960797020902231       0.89890414646388661     
   3.9529567780331463       0.90637207387431185     
   4.0098338539760690       0.91199082304768297     
   4.0667109299189921       0.91102870669130187     
   4.1235880058619152       0.91476387055665931     
   4.1804650818048383       0.91995578767109820     
   4.2373421577477606       0.92732417033899206     
   4.2942192336906837       0.93812251589740869     
   4.3510963096336068       0.94844272687728048     
   4.4079733855765300       0.95078785061279136     
   4.4648504615194531       0.96530395777980949     
   4.5217275374623762       0.97649134140801708     
   4.5786046134052985       0.98172927379297237     
   4.6354816893482216       0.99522177518472810     
   4.6923587652911447        1.0053211222982490     
   4.7492358412340678        1.0086869400099316     
   4.8061129171769910        1.0212890624332769     
   4.8629899931199132        1.0313210135812141     
   4.9198670690628363        1.0341669789424242     
   4.9767441450057595        1.0320098920023846     
   5.0336212209486826        1.0297913415685200     
   5.0904982968916057        1.0347258212506671     
   5.1473753728345288        1.0333323744692555     
   5.2042524487774511        1.0345561730789903     
   5.2611295247203742        1.0286205800986159     
   5.3180066006632973        1.0257416208599592     
   5.3748836766062205        1.0236385112670845     
   5.4317607525491436        1.0194848730008841     
   5.4886378284920658        1.0192911175529811     
   5.5455149044349890        1.0114838320658635     
   5.6023919803779121        1.0084186601947978     
   5.6592690563208352        1.0098873024802175     
   5.7161461322637583        1.0044652898492274     
   5.7730232082066815        1.0019249101903887     
   5.8299002841496037       0.99979061592526419     
   5.8867773600925268       0.99867698299373320     
   5.9436544360354500       0.99638429672303264     
   6.0005315119783731       0.99330166636425377     
   6.0574085879212962       0.99228103631914133     
   6.1142856638642185       0.99134744540890896     
   6.1711627398071416       0.98993608051421866     
   6.2280398157500647       0.98883932101575556     
   6.2849168916929878       0.99351557750374753     
   6.3417939676359110       0.99772386009999992     
   6.3986710435788341       0.99439272338083462     
   6.4555481195217563       0.99466714038448156     
   6.5124251954646795       0.99452619341875148     
   6.5693022714076026       0.99524303160344874     
   6.6261793473505257       0.99432738419725608     
   6.6830564232934488       0.99532909348830167     
   6.7399334992363711       0.99608768127360481     
   6.7968105751792942       0.99500388098667358     
   6.8536876511222173       0.99710619416941748     
   6.9105647270651405        1.0001760319616211     
   6.9674418030080636        1.0043202737875720     
   7.0243188789509867        1.0012994429233815     
   7.0811959548939090        1.0031108451879980     
   7.1380730308368321        1.0025129207105823     
   7.1949501067797552        1.0000017348542953     
   7.2518271827226783        1.0000396512551424     
   7.3087042586656015       0.99843122832975406     
   7.3655813346085237       0.99944907885739143     
   7.4224584105514468        1.0006710373093270     
   7.4793354864943700        1.0007987760484982     
   7.5362125624372931        1.0014980036442629     
   7.5930896383802162       0.99992811235979662     
   7.6499667143231393       0.99794777249543942     
   7.7068437902660616       0.99641227346268735     
   7.7637208662089847       0.99835174045299113     
   7.8205979421519078       0.99870395735691098     
   7.8774750180948310       0.99611846015529004     
   7.9343520940377541       0.99857027191556202     
   7.9912291699806763        1.0009667852440101     
   8.0481062459236004        1.0019769628644026     
   8.1049833218665235       0.99940672914888051     
   8.1618603978094448        1.0008866554338354     
   8.2187374737523680       0.99684304674838431     
   8.2756145496952911       0.99781458019708691     
   8.3324916256382142       0.99964879194888356     
   8.3893687015811373        1.0017806710470767     
   8.4462457775240605        1.0011116664611952     
   8.5031228534669836        1.0035191683245326     
   8.5599999294099067        1.0026865376759002     
   8.6168770053528299       0.99947842560090050     
   8.6737540812957530       0.99746220418477571     
   8.7306311572386761       0.99729530389214960     
   8.7875082331815975       0.99902359187067702     
   8.8443853091245206        1.0004633738286599     
   8.9012623850674437        1.0003047025820968     
   8.9581394610103668        1.0025253833701824     
   9.0150165369532900        1.0027876480735805     
   9.0718936128962131       0.99953287996021301     
   9.1287706888391362       0.99885666604384904     
   9.1856477647820594       0.99785654148876457     
   9.2425248407249825       0.99992362974211435     
   9.2994019166679056       0.99818259412285903     
   9.3562789926108287       0.99811373224054745     
   9.4131560685537501        1.0032486419922291     
   9.4700331444966732        1.0015823362265655     
   9.5269102204395963       0.99924569277985065     
   9.5837872963825195        1.0004764562548856     
   9.6406643723254426        1.0002391184926815     
   9.6975414482683657       0.99927221161504787     
   9.7544185242112889       0.99849955263834322     
   9.8112956001542120       0.99782134602657779     
   9.8681726760971351       0.99807458042144148     
   9.9250497520400582       0.99760772633122519     
   9.9819268279829814       0.99906318088755430     
   10.038803903925903       0.99822328409466288     
   10.095680979868826       0.99858297602043933     
   10.152558055811749       0.99885306941969598     
   10.209435131754672        1.0013579938745099     
   10.266312207697595        1.0029930841060883     
   10.323189283640518        1.0012566376967975     
   10.380066359583441        1.0021030704031917     
   10.436943435526365        1.0010849548216416     
   10.493820511469288        1.0000959032701680     
   10.550697587412211       0.99890099168358504     
   10.607574663355134        1.0026239672802528     
   10.664451739298055        1.0032555880345344     
   10.721328815240978       0.99918988588543856     
   10.778205891183902       0.99785909326518085     
   10.835082967126825       0.99701447568103652     
   10.891960043069748       0.99780792579980093     
   10.948837119012671       0.99717734102950850     
   11.005714194955594       0.99569857752439206     
   11.062591270898517       0.99679852996989349     
   11.119468346841440       0.99604853557940332     
   11.176345422784363       0.99631071895811318     
   11.233222498727287       0.99726494266534571     
   11.290099574670208       0.99695583433341550     
   11.346976650613131       0.99700334760748754     
