    0.00000000  21135.36000000  -2819.63916190  18315.72083810     27.57385519     22.05908122
    0.05000000  16620.33451455   1695.36848217  18315.70299672     21.68341098     22.02813888
    0.10000000  16562.21707561   1753.48890656  18315.70598217     21.60758914     22.04052597
    0.15000000  16314.28184228   2001.42802475  18315.70986703     21.28412504     22.01512549
    0.20000000  16468.80960532   1846.89871935  18315.70832467     21.48572682     22.02792903
    0.25000000  15856.07142052   2459.64614524  18315.71756576     20.68632932     22.01057838
    0.30000000  16546.12376282   1769.58201361  18315.70577643     21.58659330     22.01645757
    0.35000000  16070.31882672   2245.38684180  18315.70566852     20.96584322     22.01710921
    0.40000000  15996.95094933   2318.75771705  18315.70866639     20.87012518     22.02998595
    0.45000000  16315.21862399   2000.48164496  18315.70026895     21.28534719     22.02949374
    0.50000000  16475.45589304   1840.24666200  18315.70255505     21.49439777     22.02303790
    0.55000000  16022.57351148   2293.12466019  18315.69817167     20.90355318     22.03513067
    0.60000000  16317.95020575   1997.74427352  18315.69447927     21.28891090     22.02222516
    0.65000000  16155.64290457   2160.06619463  18315.70909921     21.07715969     22.01269165
    0.70000000  16075.07314296   2240.63595366  18315.70909662     20.97204585     22.02574615
    0.75000000  15713.08968990   2602.61405311  18315.70374301     20.49979085     22.02972115
    0.80000000  15839.96840869   2475.74470747  18315.71311616     20.66532082     21.99645489
    0.85000000  16023.08974844   2292.61275121  18315.70249965     20.90422668     22.00146107
    0.90000000  16057.63985080   2258.06719318  18315.70704398     20.94930183     22.01874236
    0.95000000  16391.82104642   1923.88353140  18315.70457782     21.38528512     22.02619526
    1.00000000  15966.64645132   2349.05554797  18315.70199929     20.83058898     22.01040108
    1.05000000  16526.72008534   1788.98591435  18315.70599968     21.56127865     22.02374668
    1.10000000  16596.00489587   1719.70150939  18315.70640526     21.65166979     22.03329458
    1.15000000  16091.74231644   2223.96336429  18315.70568073     20.99379298     22.03236633
    1.20000000  16857.02689595   1458.67739245  18315.70428839     21.99220730     22.01297459
    1.25000000  16302.12886051   2013.57398766  18315.70284817     21.26826988     22.01951847
    1.30000000  16052.55458112   2263.14823371  18315.70281484     20.94266742     22.01650019
    1.35000000  16056.42607977   2259.27711454  18315.70319432     20.94771830     22.01994690
    1.40000000  16284.86449866   2030.84003494  18315.70453360     21.24574625     22.02158246
    1.45000000  16148.17774970   2167.52035744  18315.69810714     21.06742042     22.02794050
    1.50000000  16560.89631451   1754.80942776  18315.70574228     21.60586603     22.00463648
    1.55000000  16252.05910827   2063.65429086  18315.71339913     21.20294730     22.01117536
    1.60000000  16093.85783801   2221.85016129  18315.70799930     20.99655295     22.02562075
    1.65000000  17286.32803164   1029.37417946  18315.70221110     22.55228706     22.04167275
    1.70000000  16263.00360310   2052.70543352  18315.70903662     21.21722584     22.00003200
    1.75000000  16149.90109424   2165.80915746  18315.71025170     21.06966875     22.00340489
    1.80000000  16047.04015761   2268.66023309  18315.70039070     20.93547313     22.03229702
    1.85000000  16505.85163668   1809.85706152  18315.70869820     21.53405302     22.00897909
    1.90000000  16453.81223419   1861.88733624  18315.69957042     21.46616078     21.99979741
    1.95000000  16174.32791876   2141.37477078  18315.70268955     21.10153675     22.03579705
    2.00000000  16585.53463610   1730.16596425  18315.70060035     21.63800996     22.02665628
    2.05000000  16362.21925379   1953.48615324  18315.70540703     21.34666569     22.02703376
    2.10000000  16769.50344193   1546.20276336  18315.70620529     21.87802145     22.01574528
    2.15000000  16010.89303131   2304.81450803  18315.70753934     20.88831446     22.00101248
    2.20000000  16169.61288337   2146.09736398  18315.71024735     21.09538537     22.01217052
    2.25000000  16518.04155319   1797.65539055  18315.69694374     21.54995636     22.00786655
    2.30000000  16475.38400382   1840.31170396  18315.69570779     21.49430398     22.00030757
    2.35000000  16029.38372849   2286.32369424  18315.70742273     20.91243800     22.01885642
    2.40000000  16652.43185808   1663.26704526  18315.69890333     21.72528618     22.00919356
    2.45000000  17037.54602436   1278.15701796  18315.70304231     22.22771823     22.00662528
    2.50000000  16201.17110685   2114.52817460  18315.69928145     21.13655722     22.01705442
    2.55000000  16428.00442714   1887.71073257  18315.71515971     21.43249110     22.02070615
    2.60000000  16596.98267989   1718.71516022  18315.69784011     21.65294544     22.01288888
    2.65000000  16386.94732676   1928.77589860  18315.72322537     21.37892671     22.05019141
    2.70000000  16190.95837650   2124.75936614  18315.71774264     21.12323337     21.99974166
    2.75000000  16505.13954379   1810.56405785  18315.70360164     21.53312400     22.03156155
    2.80000000  16401.64739708   1914.05956137  18315.70695845     21.39810489     21.99690083
    2.85000000  16395.28058362   1920.41788437  18315.69846799     21.38979854     22.02333147
    2.90000000  16144.79848853   2170.91125327  18315.70974180     21.06301173     22.02797280
    2.95000000  15934.57508581   2381.12449553  18315.69958134     20.78874767     22.02126139
    3.00000000  16818.57851390   1497.12344076  18315.70195466     21.94204633     22.02491001
    3.05000000  15887.77645355   2427.93065430  18315.70710784     20.72769270     21.99049117
    3.10000000  16240.20595479   2075.49419102  18315.70014580     21.18748331     22.03369739
    3.15000000  16382.94487364   1932.76446843  18315.70934206     21.37370499     22.00953755
    3.20000000  16253.84389985   2061.85450740  18315.69840725     21.20527580     22.00744041
    3.25000000  16076.55519245   2239.14662464  18315.70181709     20.97397938     22.00672066
    3.30000000  16179.45623542   2136.24360343  18315.69983884     21.10822731     22.02257863
    3.35000000  16696.12484679   1619.57658616  18315.70143295     21.78228943     22.00437058
    3.40000000  16201.36394203   2114.34761446  18315.71155649     21.13680880     22.01336147
    3.45000000  16114.43514293   2201.26293318  18315.69807611     21.02339875     22.01026921
    3.50000000  15815.14916027   2500.56409468  18315.71325495     20.63294085     22.01541184
    3.55000000  16314.49364283   2001.21155791  18315.70520074     21.28440136     22.01461742
    3.60000000  16404.90493892   1910.79128248  18315.69622140     21.40235478     22.02801374
    3.65000000  15958.24573606   2357.44985277  18315.69558883     20.81962914     22.00401774
    3.70000000  16506.64303204   1809.05232231  18315.69535435     21.53508550     22.00628176
    3.75000000  16414.45021215   1901.25107327  18315.70128542     21.41480784     22.01276752
    3.80000000  16135.93816097   2179.77412738  18315.71228835     21.05145226     22.02666899
    3.85000000  16080.08011012   2235.63219956  18315.71230968     20.97857810     22.01186936
    3.90000000  16243.14996306   2072.54976260  18315.69972565     21.19132415     22.01982437
    3.95000000  16448.25523233   1867.44947614  18315.70470847     21.45891094     22.01286340
    4.00000000  16223.48609646   2092.22291701  18315.70901346     21.16567005     21.99652538
    4.05000000  16159.28491745   2156.43138784  18315.71630528     21.08191118     22.00318844
    4.10000000  16585.23899164   1730.46497212  18315.70396375     21.63762426     21.99322750
    4.15000000  15936.73149603   2378.96874865  18315.70024467     20.79156099     22.01284229
    4.20000000  16508.46402439   1807.25048530  18315.71450969     21.53746122     22.01600172
    4.25000000  16458.04758415   1857.65219655  18315.69978070     21.47168635     21.99995130
    4.30000000  15746.95222573   2568.76815480  18315.72038053     20.54396898     22.01480541
    4.35000000  15962.68912997   2353.00954668  18315.69867665     20.82542613     22.00265700
    4.40000000  16210.87301225   2104.83570008  18315.70871233     21.14921463     22.01989957
    4.45000000  16175.04767431   2140.65921527  18315.70688958     21.10247577     22.04021641
    4.50000000  16512.65399417   1803.04809296  18315.70208714     21.54292759     22.01191143
    4.55000000  15835.88483269   2479.81445064  18315.69928333     20.65999326     22.01737135
    4.60000000  16129.68353039   2186.01694561  18315.70047599     21.04329228     21.98982069
    4.65000000  16329.16677475   1986.53881308  18315.70558783     21.30354439     21.98955623
    4.70000000  15992.82763755   2322.87861352  18315.70625107     20.86474578     22.03940442
    4.75000000  16227.55689319   2088.15396426  18315.71085745     21.17098094     22.03130163
    4.80000000  16182.02702136   2133.68313006  18315.71015142     21.11158124     22.02821303
    4.85000000  15572.30591436   2743.40100260  18315.70691697     20.31611991     21.99678940
    4.90000000  16249.41764649   2066.27773798  18315.69538447     21.19950117     22.00686231
    4.95000000  15930.06742495   2385.64047475  18315.70789970     20.78286683     22.01249235
    5.00000000  15788.86694683   2526.83539214  18315.70233897     20.59865225     22.01105137
    5.05000000  16456.14939603   1859.54745546  18315.69685148     21.46920991     21.99722514
    5.10000000  16137.15411677   2178.55339631  18315.70751308     21.05303864     22.02798625
    5.15000000  15953.53872734   2362.16352503  18315.70225237     20.81348823     22.02580288
    5.20000000  16394.19130975   1921.51465943  18315.70596918     21.38837744     22.02166029
    5.25000000  16413.61041799   1902.09946842  18315.70988641     21.41371222     22.00365659
    5.30000000  16440.35902238   1875.34092311  18315.69994549     21.44860929     22.02677193
    5.35000000  16226.84585237   2088.86737888  18315.71323125     21.17005330     22.03176574
    5.40000000  16610.56490218   1705.13898849  18315.70389068     21.67066523     22.00965291
    5.45000000  16011.54642210   2304.16338456  18315.70980666     20.88916689     22.02147074
    5.50000000  16480.46632371   1835.24417259  18315.71049630     21.50093454     22.00742790
    5.55000000  16189.17786749   2126.51392143  18315.69178892     21.12091046     22.03507802
    5.60000000  16588.25491000   1727.44999552  18315.70490551     21.64155892     22.00506048
    5.65000000  16410.30892642   1905.39192062  18315.70084704     21.40940499     22.01225334
    5.70000000  16203.68567535   2112.01531489  18315.70099024     21.13983780     22.02344680
    5.75000000  16148.61134793   2167.09955443  18315.71090236     21.06798610     22.01020990
    5.80000000  16245.58973602   2070.10920553  18315.69894156     21.19450716     22.00867623
    5.85000000  16664.78969992   1650.91088933  18315.70058925     21.74140861     22.02196226
    5.90000000  16288.26123914   2027.44014481  18315.70138395     21.25017774     22.02805339
    5.95000000  16313.74009628   2001.96351551  18315.70361179     21.28341826     22.04099120
    6.00000000  16477.79788375   1837.90371268  18315.70159643     21.49745321     21.98844724
    6.05000000  16054.45572552   2261.25099477  18315.70672029     20.94514772     22.02477685
    6.10000000  16142.95930152   2172.75098076  18315.71028228     21.06061227     21.99412178
    6.15000000  16338.29177662   1977.41601641  18315.70779303     21.31544915     22.03368376
    6.20000000  16227.00410183   2088.70679362  18315.71089545     21.17025975     22.00432915
    6.25000000  16428.41201488   1887.29268330  18315.70469818     21.43302285     22.01564474
    6.30000000  16252.53312032   2063.17131217  18315.70443249     21.20356571     22.00909123
    6.35000000  16660.70028044   1655.00285723  18315.70313767     21.73607343     22.00668705
    6.40000000  16203.45605491   2112.23975273  18315.69580764     21.13953823     22.01973785
    6.45000000  16583.05014121   1732.65585761  18315.70599882     21.63476861     22.01904007
    6.50000000  16275.23916030   2040.46421487  18315.70337518     21.23318873     22.02988461
    6.55000000  16246.03114125   2069.67984522  18315.71098647     21.19508303     22.01759798
    6.60000000  16488.23430134   1827.46568700  18315.69998834     21.51106889     22.00059243
    6.65000000  16296.16266849   2019.53918870  18315.70185720     21.26048620     22.01112747
    6.70000000  16664.34505954   1651.35000482  18315.69506436     21.74082852     22.00810388
    6.75000000  16148.64456919   2167.06130292  18315.70587212     21.06802944     22.03439102
    6.80000000  16428.49817020   1887.20756599  18315.70573619     21.43313525     22.01883511
    6.85000000  16523.07173370   1792.62432277  18315.69605648     21.55651890     21.99912442
    6.90000000  16089.44742636   2226.25485808  18315.70228444     20.99079899     22.01928549
    6.95000000  16655.81484240   1659.89234752  18315.70718992     21.72969973     22.00657184
    7.00000000  16181.46567176   2134.24174168  18315.70741344     21.11084889     22.00199776
