    0.00000000   5142.68103716   -623.53013185   4519.15090530     27.64882278      0.00000000
    0.05000000   3992.66134035    526.48465213   4519.14599247     21.46592118     22.04767057
    0.10000000   4114.00976059    405.13769095   4519.14745154     22.11833205     22.06620290
    0.15000000   3949.27072364    569.87569111   4519.14641475     21.23263830     22.05303626
    0.20000000   4099.70048914    419.44591736   4519.14640649     22.04140048     22.10092080
    0.25000000   3899.79056522    619.35315116   4519.14371638     20.96661594     22.05448362
    0.30000000   4020.65922869    498.48826403   4519.14749272     21.61644747     21.87886196
    0.35000000   3920.52513056    598.62192828   4519.14705884     21.07809210     22.05002111
    0.40000000   3853.40877234    665.73824768   4519.14702002     20.71725146     22.05421848
    0.45000000   4094.43385182    424.71431353   4519.14816535     22.01308522     22.02675140
    0.50000000   3924.36627920    594.78349688   4519.14977608     21.09874344     22.10249565
    0.55000000   4117.77013223    401.37701676   4519.14714899     22.13854910     22.02863156
    0.60000000   3934.85800122    584.28322618   4519.14122740     21.15515054     21.97615818
    0.65000000   3971.11850928    548.02469342   4519.14320270     21.35009951     22.09002071
    0.70000000   4004.63267453    514.50924963   4519.14192416     21.53028320     22.06747346
    0.75000000   3735.64641036    783.50215297   4519.14856334     20.08412049     21.94061614
    0.80000000   3913.71701927    605.42414819   4519.14116746     21.04148935     22.00524629
    0.85000000   3914.31745212    604.83602124   4519.15347337     21.04471748     22.04827792
    0.90000000   4057.39838638    461.74855213   4519.14693851     21.81396982     22.02216694
    0.95000000   4082.86639441    436.28249061   4519.14888501     21.95089459     21.99326370
    1.00000000   3809.68787545    709.46034096   4519.14821640     20.48219288     22.12281438
    1.05000000   3867.93567303    651.21099370   4519.14666673     20.79535308     22.05867235
    1.10000000   4039.26241524    479.88258929   4519.14500453     21.71646460     22.18710337
    1.15000000   4262.01330678    257.13193104   4519.14523782     22.91405004     21.99893806
    1.20000000   3972.45497951    546.69492038   4519.14989989     21.35728484     22.01638936
    1.25000000   4102.20565477    416.93875294   4519.14440771     22.05486911     22.15858523
    1.30000000   4009.73134588    509.41679651   4519.14814239     21.55769541     21.91004271
    1.35000000   3803.24720260    715.90045834   4519.14766094     20.44756561     22.16370150
    1.40000000   3875.28304633    643.86288764   4519.14593397     20.83485509     22.14066654
    1.45000000   4248.32475223    270.81907632   4519.14382855     22.84045566     22.03285237
    1.50000000   4058.58296655    460.56365367   4519.14662022     21.82033853     22.08158595
    1.55000000   4090.58600377    428.55942195   4519.14542572     21.99239787     21.98308105
    1.60000000   4156.42761275    362.71313809   4519.14075084     22.34638501     22.04779615
    1.65000000   3812.28622562    706.85785720   4519.14408281     20.49616250     22.01349848
    1.70000000   3821.95419480    697.19617970   4519.15037450     20.54814083     21.96954615
    1.75000000   3834.41100530    684.73755732   4519.14856262     20.61511293     22.10530636
    1.80000000   4018.14275557    501.00757388   4519.15032945     21.60291804     21.96703147
    1.85000000   3915.14297285    604.00270853   4519.14568138     21.04915577     21.91648147
    1.90000000   4017.18986036    501.95874691   4519.14860727     21.59779495     22.06859572
    1.95000000   3794.43847265    724.70847552   4519.14694817     20.40020684     21.96682447
    2.00000000   3947.24221693    571.90361186   4519.14582880     21.22173235     22.02513137
    2.05000000   4175.97641513    343.17206902   4519.14848415     22.45148610     22.07139991
    2.10000000   3805.97109724    713.17664263   4519.14773987     20.46221020     22.07150979
    2.15000000   3908.26297651    610.88385972   4519.14683623     21.01216654     21.92435315
    2.20000000   3981.92445980    537.22435380   4519.14881360     21.40819602     21.96377408
    2.25000000   4070.05956524    449.08943929   4519.14900453     21.88204067     21.92991911
    2.30000000   3925.59373791    593.55599131   4519.14972922     21.10534268     22.09712387
    2.35000000   4020.75482790    498.39532056   4519.15014846     21.61696144     22.00655742
    2.40000000   4030.29637937    488.85182857   4519.14820795     21.66826010     21.99779580
    2.45000000   3697.83677316    821.31992678   4519.15669994     19.88084287     22.10619438
    2.50000000   3972.30674146    546.83615549   4519.14289696     21.35648786     21.94274567
    2.55000000   3716.94941553    802.19963892   4519.14905445     19.98359901     21.93068376
    2.60000000   4076.10743969    443.04319905   4519.15063874     21.91455613     22.05865379
    2.65000000   3935.28579606    583.86403748   4519.14983354     21.15745052     22.00139282
    2.70000000   3789.22527269    729.91846125   4519.14373393     20.37217889     22.08021806
    2.75000000   3967.04915681    552.10177182   4519.15092862     21.32822127     21.95808210
    2.80000000   4024.20045952    494.95060404   4519.15106356     21.63548634     21.97098222
    2.85000000   3930.42197584    588.72548118   4519.14745702     21.13130095     21.99665865
    2.90000000   4004.62339874    514.52464368   4519.14804242     21.53023333     21.95021960
    2.95000000   4004.88619418    514.26728764   4519.15348183     21.53164621     22.10506005
    3.00000000   3946.87173902    572.28106953   4519.15280855     21.21974053     21.99501965
    3.05000000   4045.70858406    473.43968939   4519.14827345     21.75112142     22.00024000
    3.10000000   3969.42616451    549.72645953   4519.15262404     21.34100088     22.07727429
    3.15000000   3675.32950713    843.82454481   4519.15405195     19.75983606     22.04641348
    3.20000000   3588.37884371    930.77919326   4519.15803697     19.29235937     21.87936253
    3.25000000   4077.39921817    441.74860133   4519.14781950     21.92150117     22.03144941
    3.30000000   3795.31987463    723.83267912   4519.15255374     20.40494556     21.89283221
    3.35000000   3686.61378407    832.53826050   4519.15204457     19.82050422     21.88195657
    3.40000000   4109.55875759    409.58581154   4519.14456912     22.09440192     22.00858968
    3.45000000   3932.96723534    586.18313664   4519.15037199     21.14498514     22.04761735
    3.50000000   3803.77728946    715.37084499   4519.14813445     20.45041553     21.86387153
    3.55000000   4052.83155067    466.31394350   4519.14549417     21.78941694     22.05085034
    3.60000000   4080.46603100    438.68265283   4519.14868383     21.93798941     22.00620848
    3.65000000   3885.89905761    633.24888720   4519.14794480     20.89193042     22.09730986
    3.70000000   3968.12196105    551.02663256   4519.14859361     21.33398904     21.87831083
    3.75000000   4237.14774582    281.99471982   4519.14246564     22.78036422     22.03393486
    3.80000000   4006.51392707    512.63704712   4519.15097419     21.54039746     22.09498871
    3.85000000   3914.88201856    604.26563797   4519.14765653     21.04775279     21.97587538
    3.90000000   3959.07512975    560.07201988   4519.14714963     21.28535016     22.03703559
    3.95000000   3855.88198959    663.26506668   4519.14705627     20.73054833     21.92763149
    4.00000000   4116.20424800    402.94210401   4519.14635200     22.13013037     22.04818866
    4.05000000   3939.87679022    579.27421087   4519.15100108     21.18213328     21.97894091
    4.10000000   4038.93136560    480.22095826   4519.15232386     21.71468476     21.97876681
    4.15000000   4085.02433421    434.12528149   4519.14961570     21.96249642     21.95106202
    4.20000000   4038.56856936    480.57292621   4519.14149556     21.71273424     21.94973342
    4.25000000   3915.37434334    603.77951642   4519.15385976     21.05039970     22.10800512
    4.30000000   3667.45554658    851.69851616   4519.15406274     19.71750294     22.05486516
    4.35000000   3936.77737233    582.37415697   4519.15152931     21.16546974     22.01580940
    4.40000000   3952.27732973    566.86647128   4519.14380101     21.24880285     21.96052580
    4.45000000   3960.18849162    558.96061716   4519.14910878     21.29133598     21.94263855
    4.50000000   4012.94977963    506.19886445   4519.14864407     21.57499882     22.08030980
    4.55000000   4173.64869905    345.49688576   4519.14558481     22.43897150     22.05399564
    4.60000000   4106.54815499    412.59848504   4519.14664003     22.07821589     22.05105849
    4.65000000   3909.74499063    609.40376191   4519.14875254     21.02013436     21.80411097
    4.70000000   3955.41677946    563.72926598   4519.14604544     21.26568161     22.06944677
    4.75000000   3843.83715464    675.31380854   4519.15096318     20.66579115     22.02734217
    4.80000000   4043.62085219    475.53166157   4519.15251377     21.73989705     21.92742633
    4.85000000   3811.70297195    707.44603714   4519.14900909     20.49302673     21.99340624
    4.90000000   3812.06691083    707.07773147   4519.14464230     20.49498339     21.96206957
    4.95000000   4113.12877423    406.01626158   4519.14503581     22.11359556     21.98539963
    5.00000000   4001.93706034    517.20942969   4519.14649003     21.51579065     21.99726081
    5.05000000   3983.74899897    535.39820416   4519.14720313     21.41800537     22.06543709
    5.10000000   3813.14802327    706.00245214   4519.15047541     20.50079582     21.98292088
    5.15000000   3812.79003950    706.36136259   4519.15140209     20.49887118     21.87625126
    5.20000000   4028.96582583    490.18279299   4519.14861882     21.66110659     21.98202347
    5.25000000   3856.02058507    663.12886300   4519.14944807     20.73129347     21.99632092
    5.30000000   4046.77560662    472.37302737   4519.14863399     21.75685810     21.99657699
    5.35000000   3973.14548237    546.00045964   4519.14594202     21.36099722     22.07243411
    5.40000000   4154.55832551    364.58962238   4519.14794789     22.33633508     22.06560519
    5.45000000   3964.95648721    554.18623937   4519.14272659     21.31697036     22.08472330
    5.50000000   3983.71069222    535.43720464   4519.14789686     21.41779942     22.03179963
    5.55000000   3789.31270424    729.83653873   4519.14924297     20.37264895     21.99830943
    5.60000000   4079.32559338    439.82336552   4519.14895890     21.93185803     21.96999031
    5.65000000   3995.91385491    523.23499906   4519.14885398     21.48340782     21.89914558
    5.70000000   4227.46015790    291.68717989   4519.14733779     22.72828042     22.04968200
    5.75000000   3944.32601521    574.82198854   4519.14800375     21.20605385     22.04000830
    5.80000000   3972.56346239    546.58655915   4519.15002154     21.35786808     21.96723925
    5.85000000   3823.46121778    695.69095346   4519.15217124     20.55624311     22.05232213
    5.90000000   4014.11591266    505.03328033   4519.14919299     21.58126835     22.04678205
    5.95000000   3958.42405906    560.72286487   4519.14692392     21.28184978     21.94270065
    6.00000000   3948.80856565    570.33506855   4519.14363419     21.23015358     21.88181514
    6.05000000   3684.20596201    834.94301915   4519.14898115     19.80755894     22.03598482
    6.10000000   3727.06594338    792.09226728   4519.15821066     20.03798894     22.13760759
    6.15000000   3875.68460947    643.46623262   4519.15084209     20.83701403     21.92513215
    6.20000000   4157.53661828    361.61141315   4519.14803143     22.35234741     22.04697406
    6.25000000   3989.43511566    529.70719596   4519.14231162     21.44857589     21.96838318
    6.30000000   4171.32326435    347.82474549   4519.14800984     22.42646916     22.04386662
    6.35000000   4112.06220345    407.08486011   4519.14706356     22.10786131     21.98307292
    6.40000000   3810.33851267    708.81341906   4519.15193172     20.48569093     22.17315363
    6.45000000   4057.55447795    461.58983739   4519.14431535     21.81480902     22.05158841
    6.50000000   3948.28227287    570.86571876   4519.14799162     21.22732405     21.99262518
    6.55000000   4044.51755659    474.62569181   4519.14324841     21.74471805     22.01124837
    6.60000000   3962.52879163    556.61874727   4519.14753890     21.30391823     22.10103545
    6.65000000   4203.51034122    315.63498753   4519.14532875     22.59951796     22.00933191
    6.70000000   3949.02392671    570.12600015   4519.14992686     21.23131143     22.04467305
    6.75000000   3955.34343843    563.80612835   4519.14956678     21.26528730     22.07601854
    6.80000000   3937.01769006    582.12888366   4519.14657372     21.16676177     22.04779970
    6.85000000   3818.47013892    700.67473226   4519.14487118     20.52940935     21.74633889
    6.90000000   3655.69629032    863.45606330   4519.15235362     19.65428113     22.03741133
    6.95000000   3708.18865682    810.96252798   4519.15118480     19.93649815     22.07644033
    7.00000000   3933.23875650    585.90524940   4519.14400590     21.14644493     21.87419471
